{
 "cells": [
  {
   "cell_type": "code",
   "execution_count": 1,
   "id": "cfd70f4e",
   "metadata": {},
   "outputs": [],
   "source": [
    "from imports import *\n",
    "from defs import numberop, Sigma_minus, Sigma_plus, Sigma_x, Sigma_y, Sigma_z\n",
    "from exactDiagMethods import Liouvillian, perform_exact_diag, build_exact_diag_hamiltonian, Enlarge_Matrix_site_j,output_exact_diag_results, Correlation_Matrix_i_Matrix_j\n",
    "from globalMethods import verify_density_matrix, build_initial_states, output_results\n",
    "from vqteMethods import hamiltonian_generation_simple, hamiltonian_generation, perform_vqte, output_vqte_results"
   ]
  },
  {
   "cell_type": "code",
   "execution_count": 2,
   "id": "d6622a9e",
   "metadata": {},
   "outputs": [],
   "source": [
    "\n",
    "def main():\n",
    "    # Initialize the simulation parameters\n",
    "    N=1\n",
    "    gamma=0.05\n",
    "    eps=1\n",
    "    mu_L=2\n",
    "    mu_R=0.1\n",
    "    T_L = 2\n",
    "    T_R= 10\n",
    "    beta_L=1/T_L\n",
    "    beta_R=1/T_R\n",
    "    F_L = 1/(np.exp(beta_L*(eps-mu_L))+1)\n",
    "    F_R = 1/(np.exp(beta_R*(eps-mu_R))+1)\n",
    "\n",
    "    time = 10.0\n",
    "    dt = 0.1\n",
    "    nt = int(time/dt)\n",
    "\n",
    "    ham_real, ham_imag = hamiltonian_generation(eps, gamma, F_R,F_L,mu_L,mu_R)\n",
    "\n",
    "    print(\"The real hamiltonian is \", ham_real.to_matrix())\n",
    "    print(\"The imaginary hamiltonian is\" , ham_imag.to_matrix())\n",
    "    #vqte_init_state, ansatz, init_param_values = build_initial_states(ham_real)\n",
    "    print(\"The initial state is\")\n",
    "    vqte_init_state, exact_diag_init_state, ansatz, init_param_values = build_initial_states(ham_real)\n",
    "    exact_diag_ham = build_exact_diag_hamiltonian(eps)\n",
    "\n",
    "    print(vqte_init_state)\n",
    "    print(exact_diag_init_state)\n",
    "\n",
    "    # Perform exact diagonalization\n",
    "    exact_diag_results, time_points, steadyState = perform_exact_diag(gamma, F_L, F_R, dt, nt, exact_diag_init_state,exact_diag_ham,N)\n",
    "\n",
    "    # Perform VQTE simulation\n",
    "    vqte_results, trace_list = perform_vqte(ham_real, ham_imag, vqte_init_state, dt, nt, ansatz, init_param_values)\n",
    "    #vqte_results = perform_vqte(ham_real, ham_imag, vqte_init_state, dt, nt, ansatz, init_param_values)\n",
    "    output_vqte_results(vqte_results, time, nt, eps, mu_L,mu_R,T_L, T_R)\n",
    "   \n",
    "    #Example VQE\n",
    "    # Output results\n",
    "    #output_exact_diag_results(exact_diag_results, time, nt, eps, mu_L,mu_R,T_L, T_R, time_points, steadyState)\n",
    "    output_results(vqte_results, exact_diag_results, time, nt, time_points, trace_list, steadyState)"
   ]
  },
  {
   "cell_type": "code",
   "execution_count": 3,
   "id": "8a6ff9c2",
   "metadata": {},
   "outputs": [
    {
     "name": "stdout",
     "output_type": "stream",
     "text": [
      "The real hamiltonian is  [[ 0.+0.j          0.+0.j          0.+0.j          0.+0.j\n",
      "   0.+0.j          0.+0.01193788j  0.+0.01556148j  0.+0.j        ]\n",
      " [ 0.+0.j          2.+0.j          0.+0.j          0.+0.j\n",
      "   0.+0.j          0.+0.j          0.+0.j          0.+0.01556148j]\n",
      " [ 0.+0.j          0.+0.j         -1.+0.j          0.+0.j\n",
      "   0.+0.j          0.+0.j          0.+0.j          0.+0.01193788j]\n",
      " [ 0.+0.j          0.+0.j          0.+0.j          1.+0.j\n",
      "   0.+0.j          0.+0.j          0.+0.j          0.+0.j        ]\n",
      " [ 0.+0.j          0.+0.j          0.+0.j          0.+0.j\n",
      "  -1.+0.j          0.+0.j          0.+0.j          0.+0.j        ]\n",
      " [ 0.-0.01193788j  0.+0.j          0.+0.j          0.+0.j\n",
      "   0.+0.j          1.+0.j          0.+0.j          0.+0.j        ]\n",
      " [ 0.-0.01556148j  0.+0.j          0.+0.j          0.+0.j\n",
      "   0.+0.j          0.+0.j         -2.+0.j          0.+0.j        ]\n",
      " [ 0.+0.j          0.-0.01556148j  0.-0.01193788j  0.+0.j\n",
      "   0.+0.j          0.+0.j          0.+0.j          0.+0.j        ]]\n",
      "The imaginary hamiltonian is [[ 0.02250064+0.j  0.        +0.j  0.        +0.j  0.        +0.j\n",
      "   0.        +0.j -0.025     +0.j -0.025     +0.j  0.        +0.j]\n",
      " [ 0.        +0.j  0.05      +0.j  0.        +0.j  0.        +0.j\n",
      "   0.        +0.j  0.        +0.j  0.        +0.j -0.025     +0.j]\n",
      " [ 0.        +0.j  0.        +0.j  0.03806212+0.j  0.        +0.j\n",
      "   0.        +0.j  0.        +0.j  0.        +0.j -0.025     +0.j]\n",
      " [ 0.        +0.j  0.        +0.j  0.        +0.j  0.06556148+0.j\n",
      "   0.        +0.j  0.        +0.j  0.        +0.j  0.        +0.j]\n",
      " [ 0.        +0.j  0.        +0.j  0.        +0.j  0.        +0.j\n",
      "   0.03443852+0.j  0.        +0.j  0.        +0.j  0.        +0.j]\n",
      " [-0.025     +0.j  0.        +0.j  0.        +0.j  0.        +0.j\n",
      "   0.        +0.j  0.06193788+0.j  0.        +0.j  0.        +0.j]\n",
      " [-0.025     +0.j  0.        +0.j  0.        +0.j  0.        +0.j\n",
      "   0.        +0.j  0.        +0.j  0.05      +0.j  0.        +0.j]\n",
      " [ 0.        +0.j -0.025     +0.j -0.025     +0.j  0.        +0.j\n",
      "   0.        +0.j  0.        +0.j  0.        +0.j  0.07749936+0.j]]\n",
      "The initial state is\n",
      "Statevector([ 1.00000000e+00+7.34788079e-16j,\n",
      "             -1.22464680e-16-5.99903913e-32j,\n",
      "             -1.22464680e-16-5.99903913e-32j,\n",
      "             -1.22464680e-16+2.73691106e-48j,\n",
      "             -2.44929360e-16-8.99855870e-32j,\n",
      "              4.49927935e-32-1.21543267e-63j,\n",
      "             -1.22464680e-16+0.00000000e+00j,\n",
      "              4.49927935e-32-1.46934081e-47j],\n",
      "            dims=(2, 2, 2))\n",
      "[[ 1.00000000e+00+0.00000000e+00j -1.22464680e-16-2.99951957e-32j\n",
      "  -1.22464680e-16-2.99951957e-32j -1.22464680e-16-8.99855870e-32j\n",
      "  -2.44929360e-16-8.99855870e-32j  4.49927935e-32+3.30601683e-47j\n",
      "  -1.22464680e-16-8.99855870e-32j  4.49927935e-32+4.77535765e-47j]\n",
      " [-1.22464680e-16+2.99951957e-32j  1.49975978e-32-4.17367444e-64j\n",
      "   1.49975978e-32-1.75806719e-63j  1.49975978e-32+7.34670407e-48j\n",
      "   2.99951957e-32+3.67335203e-48j -5.51002805e-48-2.69913529e-63j\n",
      "   1.49975978e-32+7.34670407e-48j -5.51002805e-48-4.49855881e-63j]\n",
      " [-1.22464680e-16+2.99951957e-32j  1.49975978e-32+7.98065227e-64j\n",
      "   1.49975978e-32-5.42634522e-64j  1.49975978e-32+7.34670407e-48j\n",
      "   2.99951957e-32+3.67335203e-48j -5.51002805e-48-2.69913529e-63j\n",
      "   1.49975978e-32+7.34670407e-48j -5.51002805e-48-4.49855881e-63j]\n",
      " [-1.22464680e-16+8.99855870e-32j  1.49975978e-32-7.34670407e-48j\n",
      "   1.49975978e-32-7.34670407e-48j  1.49975978e-32+0.00000000e+00j\n",
      "   2.99951957e-32-1.10200561e-47j -5.51002805e-48-2.57062988e-80j\n",
      "   1.49975978e-32-3.35174937e-64j -5.51002805e-48-1.79942352e-63j]\n",
      " [-2.44929360e-16+8.99855870e-32j  2.99951957e-32-3.67335203e-48j\n",
      "   2.99951957e-32-3.67335203e-48j  2.99951957e-32+1.10200561e-47j\n",
      "   5.99903913e-32+2.39419568e-63j -1.10200561e-47-4.04870293e-63j\n",
      "   2.99951957e-32+1.10200561e-47j -1.10200561e-47-7.64754998e-63j]\n",
      " [ 4.49927935e-32-3.30601683e-47j -5.51002805e-48+2.69913529e-63j\n",
      "  -5.51002805e-48+2.69913529e-63j -5.51002805e-48+2.57062988e-80j\n",
      "  -1.10200561e-47+4.04870293e-63j  2.02435147e-63+0.00000000e+00j\n",
      "  -5.51002805e-48+1.48847573e-79j  2.02435147e-63+6.61097478e-79j]\n",
      " [-1.22464680e-16+8.99855870e-32j  1.49975978e-32-7.34670407e-48j\n",
      "   1.49975978e-32-7.34670407e-48j  1.49975978e-32+3.35174937e-64j\n",
      "   2.99951957e-32-1.10200561e-47j -5.51002805e-48-1.48847573e-79j\n",
      "   1.49975978e-32+0.00000000e+00j -5.51002805e-48-1.79942352e-63j]\n",
      " [ 4.49927935e-32-4.77535765e-47j -5.51002805e-48+4.49855881e-63j\n",
      "  -5.51002805e-48+4.49855881e-63j -5.51002805e-48+1.79942352e-63j\n",
      "  -1.10200561e-47+7.64754998e-63j  2.02435147e-63-6.61097478e-79j\n",
      "  -5.51002805e-48+1.79942352e-63j  2.02435147e-63-3.64515888e-95j]]\n",
      "Reference number operator expectation value: (0.4500127467949729+0j)\n"
     ]
    },
    {
     "ename": "ValueError",
     "evalue": "cannot reshape array of size 64 into shape (1,1)",
     "output_type": "error",
     "traceback": [
      "\u001b[31m---------------------------------------------------------------------------\u001b[39m",
      "\u001b[31mValueError\u001b[39m                                Traceback (most recent call last)",
      "\u001b[36mCell\u001b[39m\u001b[36m \u001b[39m\u001b[32mIn[3]\u001b[39m\u001b[32m, line 1\u001b[39m\n\u001b[32m----> \u001b[39m\u001b[32m1\u001b[39m \u001b[43mmain\u001b[49m\u001b[43m(\u001b[49m\u001b[43m)\u001b[49m\n",
      "\u001b[36mCell\u001b[39m\u001b[36m \u001b[39m\u001b[32mIn[2]\u001b[39m\u001b[32m, line 32\u001b[39m, in \u001b[36mmain\u001b[39m\u001b[34m()\u001b[39m\n\u001b[32m     29\u001b[39m \u001b[38;5;28mprint\u001b[39m(exact_diag_init_state)\n\u001b[32m     31\u001b[39m \u001b[38;5;66;03m# Perform exact diagonalization\u001b[39;00m\n\u001b[32m---> \u001b[39m\u001b[32m32\u001b[39m exact_diag_results, time_points, steadyState = \u001b[43mperform_exact_diag\u001b[49m\u001b[43m(\u001b[49m\u001b[43mgamma\u001b[49m\u001b[43m,\u001b[49m\u001b[43m \u001b[49m\u001b[43mF_L\u001b[49m\u001b[43m,\u001b[49m\u001b[43m \u001b[49m\u001b[43mF_R\u001b[49m\u001b[43m,\u001b[49m\u001b[43m \u001b[49m\u001b[43mdt\u001b[49m\u001b[43m,\u001b[49m\u001b[43m \u001b[49m\u001b[43mnt\u001b[49m\u001b[43m,\u001b[49m\u001b[43m \u001b[49m\u001b[43mexact_diag_init_state\u001b[49m\u001b[43m,\u001b[49m\u001b[43mexact_diag_ham\u001b[49m\u001b[43m,\u001b[49m\u001b[43mN\u001b[49m\u001b[43m)\u001b[49m\n\u001b[32m     34\u001b[39m \u001b[38;5;66;03m# Perform VQTE simulation\u001b[39;00m\n\u001b[32m     35\u001b[39m vqte_results, trace_list = perform_vqte(ham_real, ham_imag, vqte_init_state, dt, nt, ansatz, init_param_values)\n",
      "\u001b[36mFile \u001b[39m\u001b[32mc:\\Users\\tessa\\OneDrive\\Desktop\\CS0449\\open-quantum-systems-simulation\\singleQubitTwoReserviors\\exactDiagMethods.py:96\u001b[39m, in \u001b[36mperform_exact_diag\u001b[39m\u001b[34m(gamma, F_L, F_R, dt, nt, initial_state, H, N)\u001b[39m\n\u001b[32m     94\u001b[39m d = \u001b[38;5;28mlen\u001b[39m(H)\n\u001b[32m     95\u001b[39m U = scipy.linalg.expm(Superoperator * dt)\n\u001b[32m---> \u001b[39m\u001b[32m96\u001b[39m rho_t = \u001b[43minitial_state\u001b[49m\u001b[43m.\u001b[49m\u001b[43mreshape\u001b[49m\u001b[43m(\u001b[49m\u001b[32;43m1\u001b[39;49m\u001b[43m,\u001b[49m\u001b[32;43m1\u001b[39;49m\u001b[43m)\u001b[49m  \u001b[38;5;66;03m# Vectorized  state\u001b[39;00m\n\u001b[32m     98\u001b[39m expectation_value_history = [np.trace(numberop @ initial_state) / np.trace(initial_state)]\n\u001b[32m     99\u001b[39m \u001b[38;5;28mprint\u001b[39m(\u001b[33m\"\u001b[39m\u001b[33mInitial expectation value of number operator:\u001b[39m\u001b[33m\"\u001b[39m, expectation_value_history[\u001b[32m0\u001b[39m])\n",
      "\u001b[31mValueError\u001b[39m: cannot reshape array of size 64 into shape (1,1)"
     ]
    }
   ],
   "source": [
    "main()"
   ]
  }
 ],
 "metadata": {
  "kernelspec": {
   "display_name": "Python 3",
   "language": "python",
   "name": "python3"
  },
  "language_info": {
   "codemirror_mode": {
    "name": "ipython",
    "version": 3
   },
   "file_extension": ".py",
   "mimetype": "text/x-python",
   "name": "python",
   "nbconvert_exporter": "python",
   "pygments_lexer": "ipython3",
   "version": "3.11.9"
  }
 },
 "nbformat": 4,
 "nbformat_minor": 5
}
